1
89
12
57
67
34
2
62
89
36
61
78
57
42
19
76
23
50
45
47
92
39
67
55
70
2
59
37
87
12
64
87
7
52
80
25
69
58
18
84
28
62
44
47
76
34
60
96
62
55
77
79
17
39
15
99
29
72
46
15
80
14
81
2
87
63
90
86
80
93
72
72
10
25
49
40
37
99
30
27
88
46
13
74
16
22
82
74
62
7
84
28
15
98
99
8
47
84
26
95
76
6
100
74
80
38
29
81
85
57
28
15
39
35
44
69
13
62
46
55
26
62
58
34
62
79
28
1
14
26
16
58
13
32
36
33
34
27
79
50
28
23
98
90
85
7
47
43
68
64
27
34
88
30
79
44
31
88
29
88
32
1
40
20
16
61
53
70
5
96
58
60
12
37
4
8
32
41
100
52
92
97
88
42
5
55
85
55
31
62
86
69
22
90
94
81
26
93
36
57
23
98
26
74
21
41
72
99
14
44
69
36
56
27
30
31
72
49
44
2
59
88
18
40
32
28
35
13
25
22
8
39
97
55
27
9
47
90
86
28
8
34
55
32
75
5
42
96
33
72
67
37
47
61
88
10
24
25
1
50
32
34
89
79
69
50
12
100
30
87
45
78
92
5
100
81
4
84
9
51
75
27
25
61
33
37
28
58
35
3
12
7
18
5
90
83
48
33
42
24
28
80
87
98
14
20
68
79
13
99
28
30
18
32
47
73
80
92
91
74
45
83
75
33
26
29
25
78
51
64
40
78
58
11
12
56
80
20
96
16
31
22
24
52
60
25
23
62
81
65
31
76
90
79
100
95
4
17
77
57
62
85
49
25
91
31
18
67
62
24
57
51
13
61
34
70
5
69
22
15
92
69
57
48
31
55
56
76
48
91
87
78
19
13
63
72
72
40
58
12
28
73
93
51
19
20
70
12
97
40
62
61
84
70
2
99
16
68
63
34
55
84
100
55
16
55
85
88
99
53
67
24
10
35
83
32
52
12
8
16
30
43
90
46
34
12
44
78
36
35
89
65
95
64
9
45
59
15
43
98
52
54
45
42
23
8
9
80
3
38
70
23
51
97
89
99
19
75
46
87
71
86
39
11
38
1
47
21
13
70
95
35
9
78
59
85
8
22
83
67
92
3
33
12
57
56
83
37
77
99
1
26
75
82
18
17
75
58
67
33
28
51
39
5
18
79
23
53
70
73
53
85
9
46
59
87
78
80
9
13
11
37
81
76
86
81
2
26
33
3
82
42
45
38
35
4
15
49
56
72
15
45
44
77
6
25
89
68
38
68
6
63
23
28
64
54
82
8
12
13
54
99
67
82
10
5
99
100
42
59
31
50
60
18
2
43
44
14
97
61
87
64
41
46
67
52
87
79
90
50
89
87
6
75
50
56
29
13
63
19
8
91
96
98
12
83
8
37
92
16
20
85
92
62
56
95
24
99
19
54
79
80
40
43
62
74
96
41
77
8
46
75
54
78
9
54
77
64
82
73
46
18
48
21
81
64
94
24
18
96
90
84
46
40
76
12
98
58
88
93
29
7
64
52
99
76
8
71
75
32
89
84
40
48
79
37
69
75
2
68
13
48
26
26
80
87
86
14
54
33
92
36
64
59
52
54
15
6
53
2
69
35
25
56
45
15
98
11
17
4
50
70
69
96
70
52
52
63
59
28
17
7
90
82
90
13
42
9
31
96
33
90
11
2
76
24
97
40
31
66
75
87
82
8
57
77
32
83
98
94
60
30
29
41
70
38
76
16
80
61
83
81
65
67
15
56
87
15
24
68
48
90
93
28
99
80
21
3
83
94
4
3
52
87
13
89
50
12
97
12
57
19
43
86
32
41
95
10
62
68
51
36
65
76
69
48
56
49
44
22
7
89
63
53
92
17
96
53
1
49
81
61
100
42
48
45
53
71
27
83
62
75
66
37
24
90
98
47
4
98
39
86
35
48
66
85
7
73
86
74
95
35
77
99
73
28
56
29
72
88
52
2
56
67
20
37
4
87
10
6
90
28
14
1
2
82
68
84
52
58
46
92
87
90
88
51
50
59
81
28
96
81
100
26
33
83
86
66
10
83
21
55
26
64
87
69
29
63
14
58
58
26
25
83
63
74
16
20
52
87
68
56
64
23
28
94
44
14
42
63
49
55
98
94
51
75
47
47
100
56
37
16
82
93
15
58
26
50
6
67
85
98
16
9
7
12
25
12
82
35
26
36
1
87
43
69
9
85
51
51
85
85
75
85
7
33
21
26
34
97
